1 0.1 0.001 0.000001 1 0.0032808398950131233 0.03937007874015748
10 1 0.01 0.00001 0.000006213711922373339 0.03280839895013123 0.3937007874015748
100 100 1 0.001 0.0006213711922373339 3.280839895013123 39.37007874015748
1000000 100000 1000 1 0.621371192237334 3280.839895013123 39370.078740157485
1609344 160934.4 1609.344 1.609344 1 5280 63360.00000000001
304.8 30.48 0.3048 0.00030480000000000004 0.0001893939393939394 1 12.000000000000002
25.4 2.54 0.0254 0.000025399999999999997 0.000015782828282828283 0.08333333333333333 1

1 0.01 0.000001 0 0 0 0 0.000010764262648008611 0.0015499070055796653
100 1 0.0001 0.0000000001 0.000001 0 0 0.0010764262648008613 0.15499070055796654
1000000 10000 1 0.000001 0.01 0.00024710539999309525 0.0001 10.764262648008613 1549.9070055796653
1000000000000 10000000000 1000000 1 10000 247.10539999309523 100 10764262.648008611 1549907005.5796654
100000000 1000000 100 0.0001 1 0.024710539999309524 0.01 1076.4262648008612 154990.70055796654
4046856119 40468561.19 4046.856119 0.004046856119 40.46856119 1 0.4046856119 43561.42216361679 6272250.649411036
10000000000 100000000 10000 0.01 100 2.471053999930952 1 107642.62648008612 15499070.055796653
92900 928.9999999999999 0.0929 0 0.0009289999999999999 0.000022956091659358545 0.000009289999999999999 1 143.9863608183509
645.2 6.451999999999999 0.0006452 0 0.000006451999999999999 0 0 0.006945102260495156 1

1 0.1 0.001 1 0.000001 0.0002 0.061 0.000035310734 0.0000013079506193
10 1 0.01 10 0.00001 0.002199736033 0.610237440947 0.000353107344 0.000013079418
1000 100 1 1000 0.001 0.219973603167 61.02374409473 0.035310734463 0.001307941822
1 0.01 0.001 1 0.000001 0.000219973603 0.061023744094 0.000035310734 0.000001307943
1000000 100000 1000 1000000 1 219.9692483 61023.744095 35.314666721 1.3079506193
4546.09 454.609 4.54609 4546.09 0.00454609 1 277.41943279 0.16054365324  0.005946061231
16.387064 1.6387064 0.016387064 16.387064  0.000016387064 0.0036046501499 1 0.0005787037037 0.000021433470508
28316.846592 2831.6846592 28.316846592 28316.846592 0.028316846592 6.228835459 1728 1 0.037037037037
764554.85798 76455.485798 764.55485798 764554.85798 0.76455485798 168.17855739 46656 27 1

1 0.001 0.000000001 0.0000000000001 0.000000000000016666666666666667 0 0 0 0 0
1000 1 0.000001 0.000000001 0.000000000016666666666666667 0.00000000000002777777777777778 0 0 0 0
1000000000 1000000 1 0.001 0.000016666666666666667 0.000000027777777777777776 0 0 0 0
1000000000000 10000000000 1000 1 0.016666666666666666 0.0002777777777777778 0.000011574074074074073 0.0000016534391534391535 0 0
60000000000000 60000000000 60000 60 1 0.016666666666666666 0.0006944444444444445 0.0000992063492063492 0.000022831050228310503 0.000001902587519025875
3600000000000000 3600000000000 3600000 3600 60 1 0.041666666666666664 0.005952380952380952 0.0013698630136986301 0.00011415525114155251
86400000000000000 86400000000000 86400000 86400 1440 24 1 0.14285714285714285 0.03287671232876712 0.0027397260273972603
604800000000000000 604800000000000 604800000 604800 10080 168 7 1 0.23013698630136986 0.019178082191780823
2628000000000000000 2628000000000000 2628000000 2628000 43800 730 30.416666666666668 4.345238095238095 1 0.08333333333333333
0 0 0 31536000 525600 8760 365 52.142857142857146 12 1

1 0.6213711972083035 0.27777778
1.6093439871252482 1 0.44704
3.5999999712000004 2.2369362920544025 1

1 0 0
0 1 0
0 0 1

1 0.001 0.000001 0.0000022046244201837775 0
1000 1 0.001 0.0022046244201837776 0.000001
1000000 1000 1 2.2046244201837775 0.001
453592 453.592 0.453592 1 0.000453592
1000000000 1000000 1000 2204.6244201837776 1

1 0.001 4.1868 0.0041868 0.001163 0.000001163
1000 1 4186.8 4.1868 1.163 0.001163
0.23884589662749595 0.00023884589662749592 1 0.001 0.0002777777777777778 0
238.84589662749596 0.23884589662749592 1000 1 0.2777777777777778 0.0002777777777777778
859.8452278589854 0.8598452278589853 3600 3.6 1 0.001
859845.2278589854 859.8452278589854 3600000 3600 1000 1

1 1.0339313653061224 760.0020536691873 14.695988486842547
0.9671821878659459 1 735.0604490503765 14.213698297557126
0.0013157859181723722 0.0013604323308265306 1 0.01933677470461073
0.06804578003686579 0.07035466625683673 51.714932571539784 1

1 1000 0.000001 0.001 1000 1 0.000001 0.001 1 0.001
0.001 1 0.000000001 0.000001 1 0.001 0.000000001 0.000001 0.001 0.000001
1000000 1000000000 1 1000 1000000000 1000000 1 1000 1000000 1000
1000 1000000 0.001 1 1000000 1000 0.001 1 1000 1
0.001 1 0.000000001 0.000001 1 0.001 0.000000001 0.000001 0.001 0.000001
1 1000 0.000001 0.001 1000 1 0.000001 0.001 1 0.001
1000000 1000000000 1 1000 1000000000 1000000 1 1000 1000000 1000
1000 1000000 0.001 1 1000000 1000 0.001 1 1000 1
1 1000 0.000001 0.001 1000 1 0.000001 0.001 1 0.001
1000 1000000 0.001 1 1000000 1000 0.001 1 1000 1

1 235.2 100
235.5 1 0.4251
100 2.352 1
